%%
%气动参数
CLAlpha=6.0094;
CLBeta=-1.0202e-06;
CLDe=0.8867;
CLDf=2.0336;
CLDr=-3.5351e-06;
CLDa=2.6815e-06;

CDAlpha=0.10031 ;
CDBeta=8.0356e-06;
CDDe=0.020779;
CDDf=0.031301;
CDDr=1.437e-05;
CDDa=1.3547e-05;

CYAlpha=8.85452e-14;
CYBeta=-0.25081;
CYDe=9.0523e-14;
CYDf=9.8247e-14;
CYDr=-0.33334;
CYDa=0.0029468;

ClAlpha=-4.2668e-14;
ClBeta=0.055654;
ClDe=2.2063e-14;
ClDf=5.7367e-14;
ClDr=0.29533;
ClDa=0.29533;

CmAlpha=-4.0835;
CmBeta=5.2248e-06;
CmDe=-2.7271;
CmDf=-0.35441;
CmDr=1.0717e-06;
CmDa=1.0717e-06;

CnAlpha=4.5786e-14;
CnBeta=-0.071639;
CnDe=4.2143e-14;
CnDf=2.6444e-14;
CnDr=-0.10037;
CnDa=0.0089298;